time_stamp	px_state	py_state	v_state	yaw_angle_state	yaw_rate_state	sensor_type	NIS	px_measured	py_measured	px_ground_truth	py_ground_truth	vx_ground_truth	vy_ground_truth
1477010443000000	0.312243	0.58034	0	0	0	lidar	4.37467e-303	0.312243	0.58034	0.6	0.6	5.19994	0
1477010443050000	0.735008	0.629142	7.21178	-2.04262e-017	-3.04059e-017	radar	74.4774	0.862916	0.534212	0.859997	0.600045	5.19975	0.00179686
1477010443100000	1.16051	0.494921	7.2149	-0.127131	-0.0118544	lidar	0.220629	1.17385	0.481073	1.11998	0.600225	5.19943	0.00538996
1477010443150000	1.25787	0.53314	7.19981	0.122284	0.0305619	radar	1.82547	0.969149	0.397513	1.37996	0.600629	5.19898	0.0107781
1477010443200000	1.61596	0.595332	7.21355	0.16127	0.046283	lidar	0.166698	1.65063	0.62469	1.6399	0.601347	5.19839	0.0179597
1477010443250000	1.85116	0.562259	5.99616	0.0268144	-0.228	radar	7.52359	1.62331	0.499091	1.89982	0.60247	5.19766	0.0269323
1477010443300000	2.16248	0.591828	5.99608	0.041419	-0.172933	lidar	0.251438	2.18882	0.648739	2.1597	0.604086	5.19678	0.0376932
1477010443350000	2.3782	0.638253	5.57724	0.0600729	-0.31264	radar	5.9882	1.96701	0.557117	2.41954	0.606284	5.19573	0.0502389
1477010443400000	2.65449	0.655962	5.5755	0.0492697	-0.294508	lidar	0.0061626	2.65526	0.66598	2.67932	0.609155	5.1945	0.0645654
1477010443450000	2.92093	0.649952	5.50843	0.00331435	-0.439014	radar	0.330344	2.92034	0.645898	2.93904	0.612786	5.19309	0.080668
1477010443500000	3.15587	0.646413	5.4633	-0.00972498	-0.40845	lidar	1.16162	3.01222	0.637046	3.19869	0.617267	5.19147	0.0985415
1477010443550000	3.4419	0.542374	5.501	-0.159159	-0.828731	radar	1.32523	3.56096	0.485311	3.45825	0.622685	5.18963	0.11818
1477010443600000	3.74525	0.42958	5.5752	-0.28056	-1.06215	lidar	2.16098	3.89365	0.311793	3.71772	0.62913	5.18754	0.139576
1477010443650000	4.02544	0.514512	5.54063	-0.141701	-0.532801	radar	4.08985	4.19786	0.698311	3.97708	0.636689	5.18519	0.162724
1477010443700000	4.299	0.507083	5.51971	-0.134306	-0.449954	lidar	0.345317	4.30935	0.578564	4.23632	0.645449	5.18256	0.187614
1477010443750000	4.55818	0.546227	5.41282	-0.0898302	-0.302761	radar	1.89242	4.61908	0.68951	4.49542	0.655498	5.17962	0.214238
1477010443800000	4.74383	0.656269	5.22523	0.0145777	-0.0503378	lidar	12.3763	4.35143	0.899174	4.75437	0.666921	5.17634	0.242587
1477010443850000	4.99504	0.655766	5.14024	0.00702676	-0.0607956	radar	1.47841	5.20901	0.66599	5.01315	0.679804	5.1727	0.272649
1477010443900000	5.2946	0.650539	5.2041	-0.0028673	-0.0739673	lidar	2.67233	5.51894	0.648233	5.27175	0.694234	5.16867	0.304413
1477010443950000	5.55376	0.657063	5.26015	0.00136072	-0.0583116	radar	1.84783	5.22834	0.639362	5.53013	0.710295	5.16422	0.337868
1477010444000000	5.84795	0.671993	5.3034	0.00792474	-0.0424934	lidar	1.67888	6.022	0.708619	5.78828	0.728072	5.15932	0.372999
1477010444050000	6.08945	0.59863	5.20591	-0.0465332	-0.130038	radar	3.49647	5.89392	0.373584	6.04618	0.747647	5.15393	0.409793
1477010444100000	6.34314	0.712267	5.17987	0.0298566	0.000985301	lidar	3.81896	6.34249	0.948833	6.30379	0.769103	5.14803	0.448233
1477010444150000	6.59305	0.744034	5.13548	0.0448459	0.0234118	radar	0.43923	6.62134	0.836138	6.5611	0.792523	5.14157	0.488305
1477010444200000	6.8391	0.742267	5.12208	0.0381699	0.011882	lidar	0.221128	6.78214	0.714036	6.81808	0.817988	5.13452	0.52999
1477010444250000	7.08072	0.725687	5.01116	0.022128	-0.0139596	radar	2.44534	7.29121	0.630741	7.07469	0.845578	5.12685	0.573269
1477010444300000	7.29755	0.810272	4.95979	0.0685314	0.0535729	lidar	2.85301	7.13735	0.957217	7.3309	0.875373	5.11851	0.618123
1477010444350000	7.59273	0.821142	5.13075	0.0666438	0.0476453	radar	4.93615	8.08349	0.819605	7.58668	0.907449	5.10946	0.664531
1477010444400000	7.84332	0.799176	5.12288	0.0471539	0.0173293	lidar	0.496802	7.80533	0.719126	7.84199	0.941886	5.09966	0.712469
1477010444450000	8.09194	0.81665	5.03984	0.050333	0.0191435	radar	2.21331	8.40453	0.884557	8.0968	0.978759	5.08907	0.761915
1477010444500000	8.32826	0.834506	5.01801	0.0546189	0.0238891	lidar	0.342309	8.24796	0.840322	8.35106	1.01814	5.07766	0.812843
1477010444550000	8.59933	0.924989	5.16681	0.0978526	0.0832356	radar	7.02311	8.45858	1.41118	8.60472	1.06011	5.06537	0.865226
1477010444600000	8.83728	0.985394	5.14126	0.121409	0.109982	lidar	0.719234	8.74615	1.04858	8.85775	1.10473	5.05216	0.919037
1477010444650000	9.12799	1.02512	5.21194	0.129398	0.112771	radar	6.79917	9.8809	1.1419	9.1101	1.15208	5.03798	0.974245
1477010444700000	9.36591	1.05839	5.18233	0.135511	0.113742	lidar	0.640454	9.25579	1.04913	9.36172	1.20223	5.0228	1.03082
1477010444750000	9.64586	1.13431	5.24799	0.160996	0.140429	radar	4.42037	10.1016	1.52474	9.61255	1.25524	5.00656	1.08873
1477010444800000	9.9207	1.26642	5.28779	0.21368	0.202528	lidar	2.96348	10.0484	1.44598	9.86254	1.31118	4.98922	1.14794
1477010444850000	10.1666	1.36274	5.18877	0.247278	0.2376	radar	4.6969	10.5377	1.72555	10.1117	1.37011	4.97074	1.20841
1477010444900000	10.3903	1.44282	5.1533	0.269108	0.251771	lidar	1.07621	10.2492	1.45907	10.3598	1.4321	4.95106	1.2701
1477010444950000	10.6191	1.53283	5.02726	0.2974	0.277953	radar	3.52605	10.9084	1.70343	10.6069	1.49721	4.93014	1.33298
1477010445000000	10.843	1.55799	4.9865	0.287119	0.245539	lidar	1.35936	10.7313	1.45265	10.853	1.56549	4.90794	1.39701
1477010445050000	11.1102	1.61038	5.06108	0.284851	0.223472	radar	2.22232	11.4783	1.42876	11.0979	1.637	4.8844	1.46213
1477010445100000	11.3911	1.65187	5.10407	0.275985	0.195598	lidar	2.15735	11.587	1.61462	11.3416	1.71179	4.85948	1.52832
1477010445150000	11.6213	1.70959	5.04386	0.281769	0.191578	radar	0.770441	11.4763	1.53917	11.584	1.78992	4.83313	1.59551
1477010445200000	11.8506	1.77132	5.02221	0.287893	0.187062	lidar	0.30694	11.7788	1.74591	11.8251	1.87144	4.80531	1.66366
1477010445250000	12.1075	1.86482	5.11814	0.304131	0.19376	radar	1.47464	12.136	2.14937	12.0647	1.95639	4.77598	1.73273
1477010445300000	12.3519	1.88723	5.09302	0.285455	0.15547	lidar	0.769426	12.3226	1.78353	12.3029	2.04482	4.74508	1.80265
1477010445350000	12.6092	1.94826	5.16239	0.283905	0.140501	radar	0.914236	12.5457	1.77728	12.5394	2.13677	4.71257	1.87338
1477010445400000	12.8086	2.08623	5.12655	0.329829	0.193137	lidar	3.14098	12.5924	2.17509	12.7743	2.23227	4.67842	1.94485
1477010445450000	13.0769	2.19823	5.25654	0.346956	0.198679	radar	3.14873	13.2198	2.6644	13.0075	2.33137	4.64258	2.01701
1477010445500000	13.2807	2.34103	5.22469	0.388846	0.241818	lidar	2.37093	13.0875	2.40708	13.2388	2.43409	4.605	2.08981
1477010445550000	13.4553	2.4943	5.05877	0.44272	0.306516	radar	10.7006	12.7087	3.12439	13.4682	2.54047	4.56565	2.16317
1477010445600000	13.7063	2.60494	5.09224	0.454778	0.301851	lidar	0.902507	13.836	2.62479	13.6955	2.65053	4.52448	2.23703
1477010445650000	13.9249	2.72109	5.0672	0.473688	0.308442	radar	0.154897	13.8302	2.73893	13.9208	2.7643	4.48147	2.31134
1477010445700000	14.1541	2.87259	5.09834	0.504896	0.329146	lidar	0.47504	14.2106	2.94205	14.1439	2.88179	4.43656	2.38601
1477010445750000	14.4058	2.98443	5.20049	0.50383	0.297779	radar	1.53159	14.5568	2.87021	14.3646	3.00303	4.38974	2.46099
1477010445800000	14.6141	3.04696	5.12618	0.491288	0.262096	lidar	2.42153	14.4616	2.90734	14.583	3.12802	4.34097	2.5362
1477010445850000	14.8453	3.20652	5.21416	0.517436	0.27455	radar	3.56268	14.6754	3.96041	14.7989	3.25679	4.29021	2.61157
1477010445900000	15.0541	3.40016	5.24502	0.56397	0.317842	lidar	0.859236	15.0261	3.5067	15.0122	3.38932	4.23744	2.68703
1477010445950000	15.2627	3.57291	5.21196	0.600789	0.35139	radar	2.48322	15.3685	4.14761	15.2228	3.52563	4.18263	2.76249
1477010446000000	15.4777	3.75758	5.24662	0.634213	0.372046	lidar	0.440156	15.5236	3.82936	15.4306	3.66572	4.12575	2.83789
1477010446050000	15.6884	3.89342	5.22387	0.643313	0.360189	radar	1.09103	15.7234	3.4105	15.6355	3.80957	4.06678	2.91315
1477010446100000	15.9124	4.02888	5.22186	0.647389	0.341862	lidar	0.300234	15.9774	4.00094	15.8375	3.95719	4.00571	2.98817
1477010446150000	16.1058	4.19334	5.14576	0.67684	0.36804	radar	1.68884	16.3376	4.21632	16.0363	4.10854	3.94251	3.0629
1477010446200000	16.3035	4.3857	5.17571	0.70818	0.384786	lidar	0.267343	16.3313	4.44499	16.2319	4.26363	3.87716	3.13723
1477010446250000	16.5139	4.55107	5.20311	0.719789	0.372214	radar	0.682444	16.7586	4.48231	16.4242	4.42242	3.80966	3.21109
1477010446300000	16.6926	4.71326	5.17415	0.737531	0.37131	lidar	0.497639	16.6039	4.67344	16.613	4.5849	3.74	3.28438
1477010446350000	16.8425	4.90536	5.03418	0.78765	0.433573	radar	3.97333	16.9236	5.10119	16.7983	4.75103	3.66817	3.35704
1477010446400000	17.0053	5.13006	5.07343	0.830726	0.461199	lidar	0.461188	16.9955	5.21099	16.9799	4.92077	3.59416	3.42897
1477010446450000	17.1756	5.29765	5.03629	0.846654	0.454855	radar	1.65911	17.3421	4.64623	17.1579	5.09409	3.51797	3.50008
1477010446500000	17.3343	5.47372	5.01283	0.865384	0.449875	lidar	0.189881	17.2894	5.43542	17.3319	5.27094	3.4396	3.57028
1477010446550000	17.4911	5.63848	4.95148	0.881672	0.44713	radar	3.04584	17.6463	4.74597	17.5019	5.45128	3.35907	3.63949
1477010446600000	17.6855	5.75291	4.88569	0.862844	0.394609	lidar	1.79342	17.7853	5.62476	17.6679	5.63506	3.27637	3.70762
1477010446650000	17.8297	5.94522	4.8382	0.894685	0.419356	radar	0.76919	17.9216	6.07151	17.8297	5.82221	3.19151	3.77458
1477010446700000	18.003	6.13613	4.86186	0.908337	0.409819	lidar	0.861026	18.1263	6.16985	17.9872	6.01269	3.10453	3.84027
1477010446750000	18.1541	6.3422	4.89202	0.931001	0.410581	radar	0.776027	18.1245	6.79027	18.1402	6.20641	3.01542	3.90462
1477010446800000	18.2737	6.58526	4.93486	0.975634	0.441297	lidar	0.618464	18.2164	6.66138	18.2888	6.40332	2.92421	3.96753
1477010446850000	18.4061	6.79818	4.93358	1.00312	0.450698	radar	0.224943	18.4022	7.02231	18.4328	6.60333	2.83093	4.0289
1477010446900000	18.5556	6.92741	4.83314	0.991638	0.40797	lidar	1.83472	18.5422	6.76013	18.572	6.80638	2.7356	4.08867
1477010446950000	18.7073	7.13236	4.89102	0.998072	0.379971	radar	0.774364	18.8089	7.24388	18.7064	7.01237	2.63825	4.14672
1477010447000000	18.9074	7.2658	4.83584	0.968624	0.318912	lidar	3.79685	19.1441	7.18344	18.8359	7.22122	2.53893	4.20299
1477010447050000	18.996	7.46276	4.73003	1.01047	0.367629	radar	3.83891	18.5479	7.4012	18.9604	7.43283	2.43767	4.25737
1477010447100000	19.0832	7.7373	4.81275	1.06562	0.414081	lidar	1.52269	19.0138	7.8688	19.0798	7.64712	2.3345	4.3098
1477010447150000	19.2062	7.9412	4.82056	1.07788	0.399428	radar	0.286555	19.3089	7.67375	19.1939	7.86397	2.22949	4.36017
1477010447200000	19.2838	8.16099	4.80768	1.1122	0.417361	lidar	1.28988	19.132	8.12845	19.3028	8.08329	2.12266	4.40842
1477010447250000	19.3847	8.36943	4.8206	1.12571	0.399206	radar	2.21221	19.0239	8.17194	19.4062	8.30497	2.01409	4.45445
1477010447300000	19.4811	8.51232	4.69857	1.12534	0.374253	lidar	3.38049	19.347	8.30741	19.5042	8.5289	1.90381	4.49819
1477010447350000	19.5739	8.71666	4.66412	1.1476	0.384154	radar	0.489325	19.6843	8.35902	19.5966	8.75494	1.7919	4.53956
1477010447400000	19.7369	8.89082	4.64082	1.12926	0.337833	lidar	3.99531	20.0039	8.8906	19.6835	8.983	1.67841	4.57848
1477010447450000	19.8115	9.10856	4.603	1.16445	0.37191	radar	1.02003	19.6061	9.48659	19.7645	9.21294	1.56341	4.61488
1477010447500000	19.9401	9.34156	4.65803	1.17317	0.359795	lidar	3.21271	20.1574	9.45949	19.8398	9.44463	1.44697	4.64869
1477010447550000	19.9859	9.55964	4.583	1.22167	0.417054	radar	2.51568	19.6163	9.76606	19.9093	9.67795	1.32916	4.67984
1477010447600000	20.07	9.80737	4.63906	1.24749	0.423201	lidar	0.971714	20.1573	9.90876	19.9728	9.91275	1.21005	4.70826
1477010447650000	20.1312	10.0582	4.70833	1.27433	0.421302	radar	7.33068	19.1911	11.5493	20.0303	10.1489	1.08972	4.73389
1477010447700000	20.1755	10.3407	4.7947	1.31791	0.448619	lidar	1.06511	20.166	10.4687	20.0818	10.3863	0.968259	4.75666
1477010447750000	20.19	10.5776	4.74971	1.37031	0.502228	radar	2.73198	19.6775	10.803	20.1271	10.6247	0.845742	4.77652
1477010447800000	20.2457	10.8568	4.83229	1.40036	0.507702	lidar	2.1351	20.371	11.0109	20.1663	10.864	0.722256	4.7934
1477010447850000	20.2739	11.1173	4.88202	1.42936	0.504636	radar	4.89101	19.4335	12.3402	20.1993	11.1041	0.597892	4.80727
1477010447900000	20.3082	11.3551	4.87572	1.45251	0.502211	lidar	0.00739919	20.3164	11.3483	20.2261	11.3449	0.472738	4.81807
1477010447950000	20.2503	11.6063	4.81434	1.53801	0.611805	radar	9.94667	19.2063	12.2418	20.2466	11.5861	0.346889	4.82575
1477010448000000	20.323	11.8431	4.81361	1.5395	0.577305	lidar	5.07542	20.6141	11.9422	20.2608	11.8275	0.220439	4.83027
1477010448050000	20.3516	12.0774	4.85078	1.53644	0.506617	radar	4.02095	19.966	11.9688	20.2687	12.0692	0.093487	4.83159
1477010448100000	20.3357	12.3701	4.94192	1.57633	0.522586	lidar	1.00808	20.3263	12.4966	20.2701	12.3108	-0.0338694	4.82968
1477010448150000	20.2838	12.6093	4.89086	1.63932	0.595362	radar	2.87955	20.0192	12.4823	20.2652	12.5522	-0.161529	4.82451
1477010448200000	20.3109	12.8441	4.86999	1.64873	0.571833	lidar	2.03881	20.498	12.8924	20.254	12.7933	-0.28939	4.81605
1477010448250000	20.3	13.0738	4.84313	1.67269	0.568563	radar	2.11585	20.9151	12.2555	20.2363	13.0339	-0.417348	4.80428
1477010448300000	20.2665	13.2822	4.78614	1.7013	0.569434	lidar	0.980352	20.1943	13.1688	20.2122	13.2738	-0.545298	4.78918
1477010448350000	20.229	13.5169	4.79432	1.72474	0.553394	radar	1.32672	19.858	13.5236	20.1818	13.5129	-0.673135	4.77072
1477010448400000	20.2077	13.7775	4.83362	1.7456	0.545061	lidar	1.38566	20.3245	13.8896	20.1449	13.7509	-0.800753	4.74892
1477010448450000	20.1527	14.0035	4.80716	1.78222	0.565698	radar	0.785342	20.3387	13.5307	20.1017	13.9878	-0.928043	4.72374
1477010448500000	20.096	14.2611	4.85108	1.81194	0.566928	lidar	0.361803	20.1216	14.337	20.0521	14.2233	-1.0549	4.69521
1477010448550000	20.0243	14.4903	4.84894	1.84227	0.565572	radar	1.35617	19.6717	14.4038	19.9962	14.4573	-1.18121	4.66331
1477010448600000	19.9129	14.7491	4.91661	1.88732	0.58423	lidar	1.07911	19.781	14.773	19.934	14.6897	-1.30687	4.62805
1477010448650000	19.8479	14.9662	4.89269	1.90026	0.547549	radar	3.4361	20.1149	14.0165	19.8655	14.9202	-1.43177	4.58944
1477010448700000	19.8221	15.1787	4.82975	1.90631	0.523935	lidar	2.26519	20.0208	15.2053	19.7908	15.1486	-1.55581	4.54751
1477010448750000	19.6895	15.3857	4.78119	1.99021	0.654116	radar	7.61498	20.0157	15.3443	19.7099	15.3749	-1.67887	4.50226
1477010448800000	19.6659	15.5653	4.66563	1.99553	0.624011	lidar	3.58916	19.9131	15.554	19.6229	15.5989	-1.80085	4.45372
1477010448850000	19.5765	15.7666	4.6454	2.01903	0.607561	radar	1.33788	19.9388	15.0864	19.5298	15.8203	-1.92164	4.40193
1477010448900000	19.4704	15.9826	4.66169	2.04948	0.607438	lidar	0.0437377	19.4748	16.0098	19.4307	16.039	-2.04114	4.3469
1477010448950000	19.3721	16.1891	4.66347	2.06076	0.561112	radar	1.8752	19.1556	16.0022	19.3257	16.2549	-2.15925	4.28868
1477010449000000	19.2638	16.3656	4.61332	2.09041	0.563595	lidar	0.529263	19.238	16.2719	19.2148	16.4679	-2.27586	4.22731
1477010449050000	19.1486	16.5595	4.60314	2.11982	0.567596	radar	0.24727	19.4007	16.2962	19.0981	16.6777	-2.39087	4.16284
1477010449100000	19.0141	16.7757	4.64991	2.14939	0.568365	lidar	0.248906	19.0029	16.8387	18.9757	16.8841	-2.50418	4.0953
1477010449150000	18.8563	16.9674	4.66523	2.21475	0.655827	radar	6.45871	18.8373	17.7112	18.8477	17.0872	-2.61571	4.02476
1477010449200000	18.6732	17.2131	4.80418	2.2516	0.658507	lidar	2.00732	18.6148	17.3832	18.7142	17.2866	-2.72534	3.95127
1477010449250000	18.5752	17.4168	4.77431	2.22564	0.530306	radar	6.13507	18.8177	17.0316	18.5752	17.4822	-2.83299	3.87489
1477010449300000	18.3557	17.6159	4.86809	2.27384	0.552853	lidar	3.80574	18.1023	17.5529	18.4309	17.674	-2.93858	3.79568
1477010449350000	18.2192	17.8087	4.85785	2.273	0.487831	radar	2.11419	18.2749	17.4877	18.2814	17.8617	-3.042	3.71372
1477010449400000	18.0911	17.9937	4.82586	2.28724	0.477148	lidar	0.910478	18.2094	18.0461	18.1268	18.0453	-3.14318	3.62906
1477010449450000	17.9152	18.1462	4.8003	2.33502	0.52771	radar	2.20524	18.3021	17.498	17.9671	18.2246	-3.24204	3.5418
1477010449500000	17.7908	18.2833	4.69814	2.35537	0.522279	lidar	1.0493	17.9018	18.2183	17.8026	18.3994	-3.3385	3.45199
1477010449550000	17.66	18.462	4.67336	2.36154	0.490882	radar	6.52552	18.8558	18.1364	17.6334	18.5697	-3.43247	3.35973
1477010449600000	17.4605	18.65	4.7495	2.38925	0.493494	lidar	0.554439	17.3845	18.7039	17.4595	18.7353	-3.5239	3.26509
1477010449650000	17.281	18.7889	4.72634	2.42724	0.520979	radar	1.83282	17.7945	18.0801	17.281	18.8962	-3.61271	3.16817
1477010449700000	17.1227	18.9234	4.67295	2.45149	0.519583	lidar	0.270272	17.1762	18.8863	17.0983	19.0521	-3.69883	3.06904
1477010449750000	16.9555	19.0939	4.68458	2.46292	0.495744	radar	2.99064	16.9398	19.7311	16.9113	19.203	-3.78221	2.9678
1477010449800000	16.7368	19.2115	4.69502	2.50417	0.51387	lidar	2.76121	16.5734	19.052	16.7201	19.3488	-3.86278	2.86455
1477010449850000	16.545	19.3658	4.72214	2.52948	0.520303	radar	3.26525	16.1674	20.2201	16.5251	19.4894	-3.9405	2.75938
1477010449900000	16.3133	19.5332	4.81759	2.555	0.518377	lidar	0.851541	16.2338	19.6171	16.3262	19.6246	-4.01531	2.65237
1477010449950000	16.0911	19.6145	4.791	2.60945	0.567012	radar	10.1208	16.4366	18.2742	16.1237	19.7545	-4.08716	2.54364
1477010450000000	15.8835	19.7599	4.82266	2.62969	0.557555	lidar	0.74789	15.9243	19.8703	15.9176	19.8789	-4.15602	2.43329
1477010450050000	15.6973	19.8839	4.77692	2.63089	0.495322	radar	3.19695	16.2328	19.2166	15.7082	19.9978	-4.22185	2.32141
1477010450100000	15.461	20.0419	4.86713	2.64747	0.48464	lidar	1.236	15.4332	20.1836	15.4956	20.111	-4.28461	2.2081
1477010450150000	15.2448	20.1873	4.90169	2.65776	0.462036	radar	5.54867	14.3677	21.3406	15.2799	20.2185	-4.34427	2.09347
1477010450200000	15.0608	20.3164	4.86821	2.66866	0.449208	lidar	1.85372	15.2016	20.4385	15.0613	20.3203	-4.4008	1.97763
1477010450250000	14.8292	20.3986	4.86774	2.70884	0.480757	radar	2.22545	14.7476	19.9571	14.84	20.4162	-4.4542	1.86068
1477010450300000	14.6145	20.5173	4.87588	2.72525	0.472302	lidar	0.588069	14.6665	20.6088	14.6161	20.5063	-4.50443	1.74272
1477010450350000	14.3746	20.6057	4.9049	2.76385	0.506538	radar	1.27499	13.841	21.0031	14.3897	20.5904	-4.55149	1.62386
1477010450400000	14.1286	20.6787	4.91859	2.79682	0.514728	lidar	0.705563	14.0521	20.5924	14.1611	20.6686	-4.59537	1.50421
1477010450450000	13.8895	20.7512	4.9329	2.83347	0.540179	radar	0.3222	13.8232	20.859	13.9304	20.7408	-4.63606	1.38386
1477010450500000	13.6125	20.8153	4.99483	2.86878	0.548213	lidar	1.57229	13.4686	20.7253	13.6977	20.807	-4.67357	1.26294
1477010450550000	13.3625	20.8468	5.0079	2.92463	0.609427	radar	2.15966	13.8263	20.4261	13.4632	20.8671	-4.70789	1.14153
1477010450600000	13.1193	20.8839	4.9942	2.95958	0.61466	lidar	0.169312	13.1072	20.8294	13.2271	20.9211	-4.73904	1.01975
1477010450650000	12.8875	20.9436	4.97624	2.97895	0.596085	radar	1.85818	13.2669	21.1579	12.9895	20.969	-4.76702	0.897694
1477010450700000	12.6971	20.9806	4.88057	3.00412	0.59358	lidar	2.08261	12.8729	21.0592	12.7506	21.0108	-4.79186	0.775469
1477010450750000	12.4421	21.0233	4.91324	3.03054	0.590233	radar	2.53024	11.5171	21.6724	12.5106	21.0465	-4.81358	0.653175
1477010450800000	12.1957	21.0593	4.92419	3.05554	0.584838	lidar	0.145923	12.2062	21.11	12.2695	21.0761	-4.83219	0.530912
1477010450850000	11.958	21.079	4.91803	3.08638	0.592067	radar	0.927448	12.3859	21.1066	12.0276	21.0996	-4.84773	0.408778
1477010450900000	11.7195	21.0461	4.88364	3.13241	0.611624	lidar	1.85424	11.6814	20.8651	11.785	21.117	-4.86022	0.286869
1477010450950000	11.4738	21.0325	4.87903	3.16709	0.614975	radar	1.05652	11.5265	20.6748	11.5418	21.1283	-4.86971	0.165281
1477010451000000	11.2631	21.0228	4.82038	3.19778	0.616723	lidar	0.68376	11.363	21.0688	11.2982	21.1335	-4.87623	0.0441057
1477010451050000	11.0095	20.9842	4.83537	3.23665	0.624603	radar	4.09833	10.5558	20.5567	11.0544	21.1327	-4.87982	-0.076565
1477010451100000	10.8047	20.9433	4.76775	3.27473	0.634679	lidar	0.481657	10.8903	20.927	10.8105	21.1259	-4.88053	-0.196643
1477010451150000	10.5581	20.9429	4.73911	3.27536	0.567969	radar	5.72126	9.30535	21.3896	10.5666	21.1131	-4.8784	-0.31604
1477010451200000	10.2657	20.9771	4.85715	3.272	0.527088	lidar	3.55924	10.189	21.209	10.3229	21.0943	-4.87349	-0.434674
1477010451250000	10.0274	20.9584	4.85256	3.2906	0.515775	radar	1.0124	9.97958	21.2932	10.0795	21.0697	-4.86585	-0.552463
1477010451300000	9.84244	20.9169	4.75482	3.32168	0.524733	lidar	1.59174	9.99634	20.9797	9.83658	21.0391	-4.85554	-0.669327
1477010451350000	9.61123	20.9078	4.70218	3.31749	0.461838	radar	2.02548	9.38223	21.111	9.59422	21.0028	-4.84262	-0.785189
1477010451400000	9.42468	20.8557	4.62243	3.34837	0.472966	lidar	0.818948	9.53921	20.8762	9.35258	20.9607	-4.82714	-0.899977
1477010451450000	9.20849	20.8113	4.61552	3.37343	0.47984	radar	1.45695	9.63392	20.9724	9.11177	20.9128	-4.80919	-1.01362
1477010451500000	8.89956	20.7876	4.76753	3.37455	0.449609	lidar	2.55617	8.70331	20.8221	8.87192	20.8594	-4.78881	-1.12605
1477010451550000	8.6899	20.7054	4.74134	3.41344	0.475586	radar	4.45056	9.84634	20.009	8.63315	20.8003	-4.76608	-1.2372
1477010451600000	8.40312	20.6258	4.84848	3.43504	0.470553	lidar	2.90229	8.22277	20.4839	8.39557	20.7358	-4.74108	-1.34701
1477010451650000	8.17411	20.5452	4.85824	3.46558	0.48476	radar	0.125352	8.29647	20.4978	8.1593	20.6657	-4.71387	-1.45542
1477010451700000	7.92861	20.4663	4.88717	3.48698	0.480791	lidar	0.122926	7.88599	20.45	7.92445	20.5903	-4.68453	-1.56237
1477010451750000	7.71271	20.3794	4.89903	3.52265	0.510438	radar	3.49637	8.29081	20.6565	7.69111	20.5096	-4.65313	-1.66781
1477010451800000	7.38831	20.3252	5.06314	3.5157	0.468696	lidar	3.14821	7.18029	20.392	7.45939	20.4237	-4.61975	-1.7717
1477010451850000	7.15203	20.2302	5.05745	3.53634	0.461045	radar	0.21733	7.09214	20.1196	7.22939	20.3326	-4.58448	-1.87399
1477010451900000	6.88477	20.1474	5.11408	3.54637	0.444609	lidar	0.416565	6.81542	20.1859	7.00119	20.2364	-4.54738	-1.97462
1477010451950000	6.65608	20.0572	5.0889	3.56136	0.430753	radar	0.506708	6.89359	20.1536	6.7749	20.1352	-4.50854	-2.07357
1477010452000000	6.41018	19.965	5.11011	3.57484	0.42096	lidar	0.168284	6.38914	20.0137	6.55059	20.0292	-4.46805	-2.17079
1477010452050000	6.19166	19.8719	5.08628	3.59293	0.419542	radar	2.92246	6.67637	20.2142	6.32834	19.9183	-4.42598	-2.26625
1477010452100000	5.928	19.778	5.14102	3.59933	0.401448	lidar	0.473366	5.86119	19.8306	6.10823	19.8027	-4.38241	-2.35993
1477010452150000	5.69213	19.6325	5.20526	3.63936	0.442564	radar	1.85387	5.28178	19.5036	5.89034	19.6824	-4.33744	-2.45178
1477010452200000	5.53163	19.5055	5.09202	3.6763	0.462305	lidar	1.81523	5.69089	19.5755	5.67472	19.5577	-4.29114	-2.5418
1477010452250000	5.33031	19.3562	5.08119	3.71108	0.479593	radar	1.81284	5.9506	18.9859	5.46145	19.4284	-4.24359	-2.62995
1477010452300000	5.12232	19.2532	5.05547	3.72328	0.466434	lidar	1.95587	5.17021	19.4397	5.25059	19.2948	-4.19488	-2.71622
1477010452350000	4.9362	19.1415	4.96051	3.73406	0.43856	radar	4.71418	5.87397	19.301	5.04219	19.157	-4.1451	-2.80059
1477010452400000	4.78394	18.9894	4.88311	3.77354	0.461587	lidar	0.768265	4.89149	18.982	4.8363	19.015	-4.09432	-2.88305
1477010452450000	4.573	18.839	4.94045	3.79911	0.473184	radar	1.50753	3.98679	19.0452	4.63297	18.8689	-4.04263	-2.96359
1477010452500000	4.40046	18.7069	4.89356	3.82157	0.473077	lidar	1.1041	4.4685	18.834	4.43224	18.7188	-3.99012	-3.0422
1477010452550000	4.22465	18.5644	4.82454	3.83737	0.452171	radar	1.27163	4.69245	18.4634	4.23416	18.5648	-3.93685	-3.11888
1477010452600000	4.10951	18.4096	4.71927	3.88028	0.480016	lidar	1.73777	4.26269	18.481	4.03876	18.4071	-3.88293	-3.19362
1477010452650000	3.92173	18.2359	4.85767	3.91969	0.525421	radar	7.19958	3.42434	18.8357	3.84606	18.2457	-3.82841	-3.26644
1477010452700000	3.65063	18.0949	4.97962	3.9023	0.467834	lidar	2.81494	3.45919	18.167	3.65611	18.0807	-3.77339	-3.33732
1477010452750000	3.49285	17.9455	4.8731	3.91527	0.440518	radar	3.45581	4.3011	17.9267	3.46891	17.9122	-3.71795	-3.40627
1477010452800000	3.25697	17.7787	4.95994	3.91368	0.408962	lidar	1.17514	3.12525	17.7493	3.28449	17.7402	-3.66215	-3.47331
1477010452850000	3.07364	17.5942	5.03547	3.94426	0.436759	radar	2.28174	2.65664	17.888	3.10287	17.565	-3.60609	-3.53844
1477010452900000	2.89774	17.4766	4.98151	3.94486	0.412264	lidar	6.17134	2.9449	17.8154	2.92405	17.3866	-3.54982	-3.60167
1477010452950000	2.75442	17.2589	5.04936	3.99879	0.47314	radar	2.89054	3.26647	17.0897	2.74805	17.2051	-3.49344	-3.66302
1477010453000000	2.57806	17.0712	5.0635	4.01617	0.465123	lidar	0.051666	2.55407	17.0853	2.57486	17.0205	-3.437	-3.72251
1477010453050000	2.41605	16.9072	4.94805	4.01723	0.417696	radar	2.27157	2.55039	16.8884	2.4045	16.833	-3.38059	-3.78014
1477010453100000	2.25303	16.7354	4.93762	4.03011	0.408175	lidar	0.511087	2.25371	16.8334	2.23695	16.6427	-3.32428	-3.83595
1477010453150000	2.07647	16.5401	4.92155	4.03547	0.377019	radar	4.86798	1.57735	16.0489	2.07221	16.4497	-3.26812	-3.88995
1477010453200000	1.92115	16.3096	4.96442	4.06358	0.387316	lidar	2.24419	1.88972	16.1054	1.91027	16.254	-3.21219	-3.94216
1477010453250000	1.76634	16.1343	4.90079	4.06725	0.357209	radar	0.879151	1.74362	16.2687	1.75112	16.0557	-3.15656	-3.99261
1477010453300000	1.55634	15.9671	4.94982	4.05158	0.314653	lidar	1.61416	1.44745	16.0853	1.59474	15.8549	-3.10129	-4.04132
1477010453350000	1.42806	15.7341	5.03531	4.09733	0.370271	radar	2.19976	1.6097	15.5526	1.44111	15.6517	-3.04644	-4.08832
1477010453400000	1.25296	15.5148	5.08857	4.1063	0.357304	lidar	0.690026	1.18395	15.4284	1.29021	15.4463	-2.99207	-4.13364
1477010453450000	1.09362	15.3226	5.06728	4.10996	0.334656	radar	0.939648	0.828993	15.528	1.14201	15.2386	-2.93825	-4.1773
1477010453500000	0.875322	15.1025	5.17116	4.09794	0.296792	lidar	1.9999	0.722706	15.0075	0.996486	15.0288	-2.88503	-4.21933
1477010453550000	0.72874	14.9237	5.07874	4.09652	0.2634	radar	2.43972	1.03147	15.2134	0.853604	14.8169	-2.83246	-4.25977
1477010453600000	0.63684	14.7107	5.02062	4.13277	0.292966	lidar	0.689923	0.737301	14.7047	0.71333	14.603	-2.78061	-4.29864
1477010453650000	0.522811	14.4679	5.09153	4.17259	0.338107	radar	1.89808	0.722177	14.2445	0.575628	14.3872	-2.72952	-4.33598
1477010453700000	0.346152	14.2443	5.1525	4.1707	0.313588	lidar	0.663282	0.253435	14.2029	0.440459	14.1696	-2.67925	-4.37181
1477010453750000	0.217156	13.9898	5.27984	4.20723	0.359818	radar	2.72026	-0.0328023	13.9604	0.307779	13.9502	-2.62984	-4.40617
1477010453800000	0.220332	13.7416	5.15509	4.2832	0.434739	lidar	4.08418	0.459172	13.6856	0.177545	13.7292	-2.58135	-4.43909
1477010453850000	0.113662	13.4981	5.2138	4.31025	0.449009	radar	0.752001	0.0524412	13.6377	0.0497099	13.5065	-2.53381	-4.47061
1477010453900000	-0.0577811	13.2643	5.27814	4.29967	0.405365	lidar	1.23202	-0.190344	13.2856	-0.0757753	13.2823	-2.48728	-4.50075
1477010453950000	-0.176592	13.048	5.1933	4.30102	0.369364	radar	1.32534	-0.275043	13.1456	-0.198962	13.0566	-2.44179	-4.52955
1477010454000000	-0.165013	12.8253	5.0656	4.36762	0.434321	lidar	3.60748	0.0462308	12.9301	-0.319903	12.8295	-2.39739	-4.55704
1477010454050000	-0.281069	12.6014	4.99531	4.36497	0.390783	radar	3.37885	-0.684792	12.3563	-0.438654	12.6011	-2.35412	-4.58326
1477010454100000	-0.403333	12.3665	5.02866	4.36609	0.366079	lidar	0.366587	-0.476482	12.3633	-0.555273	12.3714	-2.31202	-4.60823
1477010454150000	-0.525945	12.1591	4.98081	4.35715	0.324261	radar	3.63121	-0.972122	12.5207	-0.669818	12.1404	-2.27111	-4.63198
1477010454200000	-0.601316	11.9427	4.94982	4.37517	0.327381	lidar	0.505308	-0.582624	12.0386	-0.78235	11.9083	-2.23144	-4.65456
1477010454250000	-0.728382	11.7141	4.95911	4.36595	0.289934	radar	2.70117	-1.26757	11.6495	-0.892931	11.6751	-2.19304	-4.67598
1477010454300000	-0.935645	11.4684	5.07436	4.32209	0.211996	lidar	4.05017	-1.17212	11.3988	-1.00163	11.4409	-2.15594	-4.69628
1477010454350000	-1.03905	11.2443	4.99656	4.31761	0.177862	radar	2.42508	-0.891441	10.959	-1.1085	11.2057	-2.12017	-4.71549
1477010454400000	-1.22163	11.0172	5.06527	4.28434	0.123074	lidar	2.00141	-1.39289	11.0424	-1.21362	10.9695	-2.08575	-4.73364
1477010454450000	-1.29938	10.7691	5.1361	4.317	0.173914	radar	1.65885	-1.29894	10.9012	-1.31706	10.7324	-2.05273	-4.75075
1477010454500000	-1.43124	10.5139	5.19204	4.31243	0.156492	lidar	0.760241	-1.49687	10.4198	-1.41889	10.4945	-2.02111	-4.76686
1477010454550000	-1.52219	10.2486	5.26923	4.33585	0.187651	radar	1.41323	-1.59293	10.0212	-1.51917	10.2559	-1.99093	-4.78198
1477010454600000	-1.61487	10.04	5.21552	4.34183	0.184262	lidar	2.05074	-1.61875	10.2374	-1.61797	10.0165	-1.96221	-4.79615
1477010454650000	-1.70303	9.81111	5.16974	4.34841	0.176306	radar	0.54954	-1.59702	9.96554	-1.71539	9.77637	-1.93498	-4.80939
1477010454700000	-1.77194	9.59334	5.11592	4.36434	0.186077	lidar	0.870136	-1.73381	9.71347	-1.81147	9.53564	-1.90924	-4.82172
1477010454750000	-1.88778	9.33802	5.207	4.36805	0.188357	radar	2.45844	-2.27191	9.37316	-1.90631	9.29431	-1.88502	-4.83316
1477010454800000	-1.97045	9.04281	5.27442	4.38546	0.19727	lidar	3.96071	-1.93833	8.77028	-1.99998	9.05243	-1.86233	-4.84374
1477010454850000	-2.0546	8.8222	5.18857	4.3846	0.173066	radar	1.91783	-1.96565	9.13274	-2.09256	8.81003	-1.8412	-4.85347
1477010454900000	-2.15044	8.56995	5.21018	4.38792	0.16595	lidar	0.0920807	-2.1768	8.5411	-2.18412	8.56717	-1.82164	-4.86238
1477010454950000	-2.28508	8.31255	5.26975	4.37258	0.13403	radar	2.61115	-2.65862	8.19477	-2.27474	8.32388	-1.80365	-4.87047
1477010455000000	-2.323	8.08319	5.19784	4.39973	0.161039	lidar	0.9888	-2.21875	8.15339	-2.3645	8.0802	-1.78726	-4.87778
1477010455050000	-2.37977	7.87397	5.10811	4.41157	0.163251	radar	5.5317	-2.273	8.52315	-2.45348	7.83617	-1.77248	-4.8843
1477010455100000	-2.4971	7.62097	5.16008	4.40121	0.139066	lidar	0.651568	-2.59674	7.60288	-2.54177	7.59184	-1.75931	-4.89006
1477010455150000	-2.66482	7.38442	5.16032	4.35334	0.0479604	radar	5.22503	-3.08256	7.38874	-2.62944	7.34723	-1.74777	-4.89507
1477010455200000	-2.77029	7.12856	5.19593	4.35038	0.0407192	lidar	0.281754	-2.79865	7.064	-2.71658	7.10238	-1.73786	-4.89933
1477010455250000	-2.82601	6.89542	5.1791	4.3757	0.0832572	radar	1.84277	-2.79412	7.20818	-2.80326	6.85734	-1.72958	-4.90286
1477010455300000	-2.85933	6.69406	5.0633	4.39838	0.10725	lidar	2.51324	-2.74651	6.86867	-2.88957	6.61214	-1.72295	-4.90566
1477010455350000	-2.9156	6.47768	4.94993	4.39859	0.0813792	radar	3.67699	-2.57673	6.36755	-2.97559	6.36681	-1.71797	-4.90774
1477010455400000	-2.96939	6.2438	4.9259	4.41234	0.0935231	lidar	0.275021	-2.90217	6.22989	-3.0614	6.12139	-1.71464	-4.90911
1477010455450000	-3.0915	5.99282	5.01352	4.39951	0.0762822	radar	3.63909	-3.50172	6.10796	-3.14709	5.87592	-1.71297	-4.90976
1477010455500000	-3.17952	5.715	5.08661	4.40194	0.0735536	lidar	1.8268	-3.1778	5.53101	-3.23274	5.63043	-1.71295	-4.9097
1477010455550000	-3.29062	5.46707	5.08629	4.37844	0.0187808	radar	2.12307	-3.19736	5.19093	-3.31843	5.38496	-1.71458	-4.90893
1477010455600000	-3.39168	5.20313	5.14285	4.37386	0.0114932	lidar	0.62852	-3.43031	5.10507	-3.40424	5.13955	-1.71787	-4.90745
1477010455650000	-3.45659	4.95771	5.14592	4.39063	0.0428995	radar	0.316915	-3.4281	4.94644	-3.49026	4.89422	-1.72281	-4.90525
1477010455700000	-3.57827	4.67311	5.2562	4.37975	0.0270131	lidar	2.09655	-3.69435	4.52196	-3.57657	4.64902	-1.72939	-4.90233
1477010455750000	-3.68893	4.41882	5.26201	4.35776	-0.0239661	radar	2.01525	-3.50501	4.17643	-3.66325	4.40398	-1.73763	-4.89868
1477010455800000	-3.82875	4.1418	5.36722	4.34055	-0.042216	lidar	2.24227	-4.00238	4.04684	-3.75039	4.15913	-1.74749	-4.8943
1477010455850000	-3.90421	3.90286	5.34091	4.35719	-0.00098448	radar	1.39847	-4.06447	4.10977	-3.83806	3.91452	-1.75899	-4.88918
1477010455900000	-3.97316	3.67465	5.27515	4.36344	0.00518983	lidar	0.819545	-3.88053	3.75177	-3.92635	3.67019	-1.77212	-4.8833
1477010455950000	-4.06993	3.47503	5.18202	4.34559	-0.0347396	radar	4.09191	-4.23729	3.88878	-4.01533	3.42616	-1.78686	-4.87666
1477010456000000	-4.16131	3.23102	5.18444	4.34476	-0.0337026	lidar	0.0122677	-4.15119	3.21968	-4.10509	3.18248	-1.8032	-4.86925
1477010456050000	-4.27818	2.97393	5.23303	4.32894	-0.0632034	radar	0.649013	-4.27467	2.88187	-4.19571	2.93919	-1.82113	-4.86104
1477010456100000	-4.37066	2.69673	5.29205	4.33251	-0.0542961	lidar	1.2859	-4.32451	2.55034	-4.28727	2.69633	-1.84065	-4.85202
1477010456150000	-4.45548	2.44797	5.2847	4.34059	-0.0316542	radar	0.249281	-4.38481	2.39989	-4.37985	2.45393	-1.86173	-4.84218
1477010456200000	-4.56208	2.17963	5.33952	4.33919	-0.0295361	lidar	0.564317	-4.61223	2.09192	-4.47352	2.21205	-1.88436	-4.83149
1477010456250000	-4.67053	1.95114	5.31613	4.31174	-0.095834	radar	3.90539	-4.29257	1.92854	-4.56836	1.97072	-1.90853	-4.81994
1477010456300000	-4.78936	1.67206	5.40024	4.30867	-0.0901857	lidar	1.38265	-4.86829	1.53442	-4.66444	1.72998	-1.93422	-4.80751
1477010456350000	-4.91253	1.42199	5.42803	4.29216	-0.116628	radar	0.33109	-4.98165	1.43611	-4.76186	1.48989	-1.9614	-4.79417
1477010456400000	-4.96985	1.19526	5.33179	4.29786	-0.108832	lidar	5.23307	-4.66779	1.28643	-4.86066	1.25049	-1.99007	-4.7799
1477010456450000	-5.06235	0.98505	5.24229	4.29553	-0.0990511	radar	1.20824	-4.98594	1.10894	-4.96095	1.01182	-2.02019	-4.76468
1477010456500000	-5.12159	0.758541	5.17109	4.30119	-0.0910658	lidar	3.95831	-4.85498	0.825661	-5.06277	0.77393	-2.05174	-4.74848
1477010456550000	-5.21781	0.455225	5.30658	4.30923	-0.0785307	radar	5.33673	-4.84736	0.18101	-5.16621	0.536876	-2.08471	-4.73127
1477010456600000	-5.29196	0.217704	5.26687	4.31254	-0.0722457	lidar	1.57497	-5.1231	0.257311	-5.27133	0.300706	-2.11906	-4.71303
1477010456650000	-5.40074	-0.0146267	5.22563	4.31665	-0.0420142	radar	5.87315	-5.99809	-0.290765	-5.3782	0.0654719	-2.15477	-4.69374
1477010456700000	-5.47051	-0.250203	5.18963	4.32234	-0.0346045	lidar	1.60182	-5.29972	-0.212982	-5.4869	-0.168772	-2.1918	-4.67335
1477010456750000	-5.59069	-0.422439	5.08815	4.29236	-0.0833497	radar	3.57506	-5.64447	-0.144522	-5.59748	-0.401971	-2.23014	-4.65185
1477010456800000	-5.72642	-0.600637	5.01098	4.26424	-0.11753	lidar	2.33336	-5.85359	-0.445801	-5.71001	-0.634069	-2.26974	-4.62919
1477010456850000	-5.84267	-0.830637	5.083	4.2409	-0.167268	radar	5.39838	-5.30947	-0.724468	-5.82456	-0.865006	-2.31058	-4.60536
1477010456900000	-5.93873	-1.10821	5.16315	4.25351	-0.135965	lidar	1.72882	-5.87835	-1.26863	-5.94118	-1.09472	-2.35262	-4.58032
1477010456950000	-6.02717	-1.38269	5.22411	4.26762	-0.105969	radar	2.93935	-5.68069	-1.52871	-6.05993	-1.32316	-2.39581	-4.55404
1477010457000000	-6.16649	-1.58778	5.18842	4.24483	-0.130664	lidar	1.00468	-6.27263	-1.50938	-6.18087	-1.55025	-2.44014	-4.52648
1477010457050000	-6.31151	-1.82829	5.30902	4.21361	-0.191892	radar	3.624	-6.11355	-1.75966	-6.30406	-1.77593	-2.48555	-4.49762
1477010457100000	-6.41868	-2.08296	5.33409	4.21764	-0.172608	lidar	0.529229	-6.34007	-2.13685	-6.42954	-2.00014	-2.532	-4.46742
1477010457150000	-6.56989	-2.28145	5.26876	4.1937	-0.189185	radar	3.11302	-6.99344	-2.17445	-6.55738	-2.22281	-2.57946	-4.43585
1477010457200000	-6.72089	-2.48945	5.24799	4.1714	-0.207312	lidar	0.41665	-6.79288	-2.4458	-6.68761	-2.44386	-2.62788	-4.40288
1477010457250000	-6.87736	-2.70027	5.2465	4.14887	-0.225751	radar	1.01339	-7.14408	-2.67584	-6.82029	-2.66323	-2.6772	-4.36847
1477010457300000	-6.96815	-2.97791	5.30479	4.17298	-0.175404	lidar	2.60948	-6.8003	-3.10086	-6.95546	-2.88084	-2.7274	-4.3326
1477010457350000	-7.09607	-3.20097	5.26002	4.17074	-0.159404	radar	0.348958	-7.13937	-3.22028	-7.09316	-3.09663	-2.7784	-4.29523
1477010457400000	-7.22104	-3.3915	5.19805	4.15537	-0.171994	lidar	1.40405	-7.12118	-3.26434	-7.23344	-3.3105	-2.83017	-4.25632
1477010457450000	-7.36647	-3.64378	5.24911	4.1556	-0.156693	radar	4.44971	-7.77186	-4.08999	-7.37632	-3.5224	-2.88265	-4.21586
1477010457500000	-7.52781	-3.77023	5.11672	4.10845	-0.214932	lidar	4.68328	-7.49009	-3.49081	-7.52184	-3.73223	-2.93579	-4.1738
1477010457550000	-7.67342	-3.97827	5.13383	4.09525	-0.221784	radar	0.460709	-7.52393	-3.88213	-7.67004	-3.93992	-2.98953	-4.13012
1477010457600000	-7.82631	-4.21155	5.17357	4.09136	-0.210615	lidar	0.56565	-7.88049	-4.29783	-7.82094	-4.14538	-3.04381	-4.08479
1477010457650000	-7.97738	-4.43035	5.17991	4.08486	-0.203481	radar	0.412525	-8.08524	-4.57834	-7.97457	-4.34854	-3.09857	-4.03778
1477010457700000	-8.13732	-4.67404	5.23578	4.08418	-0.188813	lidar	1.24672	-8.22492	-4.79812	-8.13095	-4.5493	-3.15376	-3.98906
1477010457750000	-8.27538	-4.87457	5.11907	4.08534	-0.161767	radar	2.36301	-8.453	-4.95621	-8.2901	-4.74759	-3.2093	-3.93862
1477010457800000	-8.40511	-5.09498	5.1226	4.08955	-0.144888	lidar	0.291893	-8.33552	-5.1059	-8.45204	-4.94331	-3.26514	-3.88641
1477010457850000	-8.55264	-5.25515	4.99596	4.07204	-0.152349	radar	3.50183	-8.55062	-4.79248	-8.61678	-5.13637	-3.32121	-3.83242
1477010457900000	-8.742	-5.45385	5.0261	4.04981	-0.171493	lidar	1.80994	-8.91477	-5.51752	-8.78433	-5.32669	-3.37745	-3.77663
1477010457950000	-8.90204	-5.64956	5.01874	4.03957	-0.172637	radar	0.260213	-9.04115	-5.69364	-8.95469	-5.51417	-3.43377	-3.71901
1477010458000000	-9.05714	-5.83553	5.00481	4.02826	-0.176571	lidar	0.0873903	-9.03391	-5.80267	-9.12788	-5.69872	-3.49012	-3.65955
1477010458050000	-9.19692	-5.9856	4.87949	4.01448	-0.179318	radar	5.57928	-8.86897	-5.41973	-9.30388	-5.88026	-3.54643	-3.59823
1477010458100000	-9.37503	-6.08025	4.77781	3.96503	-0.236068	lidar	4.10377	-9.30811	-5.82368	-9.4827	-6.05868	-3.60261	-3.53503
1477010458150000	-9.5528	-6.26201	4.81484	3.95001	-0.241045	radar	1.05726	-9.80646	-6.41174	-9.66432	-6.23389	-3.6586	-3.46994
1477010458200000	-9.688	-6.47766	4.83971	3.96544	-0.203527	lidar	0.715859	-9.62547	-6.55958	-9.84874	-6.4058	-3.71431	-3.40295
1477010458250000	-9.91489	-6.63597	4.94251	3.92236	-0.252741	radar	7.18143	-10.6688	-6.35543	-10.0359	-6.57431	-3.76969	-3.33404
1477010458300000	-10.118	-6.8033	4.96148	3.898	-0.268068	lidar	0.667235	-10.2246	-6.83402	-10.2259	-6.73933	-3.82463	-3.26321
1477010458350000	-10.3051	-6.96352	4.98921	3.87815	-0.27863	radar	0.919757	-10.2205	-6.71044	-10.4186	-6.90075	-3.87907	-3.19046
1477010458400000	-10.5351	-7.14962	5.05649	3.85636	-0.287771	lidar	3.75155	-10.7616	-7.29159	-10.614	-7.05849	-3.93293	-3.11577
1477010458450000	-10.7436	-7.28754	5.05855	3.82531	-0.311085	radar	1.72858	-10.8944	-6.83335	-10.8121	-7.21245	-3.98613	-3.03916
1477010458500000	-10.991	-7.45364	5.12043	3.79571	-0.328586	lidar	3.53081	-11.2219	-7.56979	-11.0128	-7.36252	-4.03859	-2.96062
1477010458550000	-11.1804	-7.58935	5.04769	3.77697	-0.331565	radar	1.29402	-10.986	-7.3707	-11.2161	-7.50862	-4.09021	-2.88015
1477010458600000	-11.3252	-7.7491	4.99388	3.78479	-0.300063	lidar	3.18458	-11.0934	-7.6776	-11.422	-7.65064	-4.14093	-2.79777
1477010458650000	-11.5217	-7.87237	4.94966	3.76086	-0.312275	radar	1.70028	-11.4213	-7.46085	-11.6304	-7.78849	-4.19066	-2.71349
1477010458700000	-11.6995	-7.97689	4.88606	3.73745	-0.323829	lidar	2.84096	-11.5269	-7.8215	-11.8413	-7.92208	-4.23932	-2.6273
1477010458750000	-11.8923	-8.08586	4.77576	3.71274	-0.335582	radar	1.43186	-11.9422	-7.88317	-12.0546	-8.05131	-4.28682	-2.53924
1477010458800000	-12.1055	-8.17619	4.75717	3.67655	-0.361646	lidar	0.489716	-12.09	-8.08828	-12.2702	-8.17609	-4.33309	-2.44932
1477010458850000	-12.3363	-8.30485	4.90415	3.65715	-0.361016	radar	2.86968	-12.4462	-8.02117	-12.4881	-8.29633	-4.37802	-2.35756
1477010458900000	-12.5387	-8.38716	4.86009	3.62651	-0.378423	lidar	1.5782	-12.4231	-8.2599	-12.7082	-8.41193	-4.42156	-2.26399
1477010458950000	-12.7442	-8.46921	4.75876	3.59533	-0.397385	radar	1.47634	-12.7461	-8.19449	-12.9304	-8.5228	-4.4636	-2.16863
1477010459000000	-13.0234	-8.5608	4.83627	3.5525	-0.426344	lidar	4.2389	-13.2911	-8.64594	-13.1547	-8.62886	-4.50407	-2.07151
1477010459050000	-13.2767	-8.65936	4.93314	3.52742	-0.427718	radar	2.77268	-13.7929	-8.47158	-13.381	-8.73002	-4.54289	-1.97267
1477010459100000	-13.4967	-8.7082	4.89488	3.48925	-0.450528	lidar	1.63086	-13.384	-8.57583	-13.6092	-8.82619	-4.57997	-1.87214
1477010459150000	-13.7122	-8.74357	4.76521	3.44375	-0.487861	radar	3.38931	-13.6376	-8.26344	-13.8392	-8.91729	-4.61524	-1.76997
1477010459200000	-13.9343	-8.86213	4.7832	3.44483	-0.454099	lidar	1.20431	-13.9959	-8.99264	-14.0709	-9.00324	-4.64861	-1.6662
1477010459250000	-14.1914	-8.95251	4.93591	3.4334	-0.429908	radar	2.9596	-14.4737	-8.79552	-14.3043	-9.08395	-4.68001	-1.56086
1477010459300000	-14.4119	-9.07299	4.9345	3.44067	-0.392322	lidar	0.848589	-14.4273	-9.1875	-14.5391	-9.15936	-4.70936	-1.45402
1477010459350000	-14.6403	-9.14348	4.89535	3.42089	-0.395044	radar	0.332038	-14.5757	-9.32634	-14.7754	-9.22939	-4.73658	-1.34573
1477010459400000	-14.9302	-9.13824	4.95104	3.35595	-0.453287	lidar	1.78013	-15.062	-9.04396	-15.013	-9.29397	-4.76161	-1.23603
1477010459450000	-15.1912	-9.21021	4.99139	3.34093	-0.442324	radar	4.54714	-15.6189	-9.69365	-15.2517	-9.35302	-4.78436	-1.125
1477010459500000	-15.4542	-9.33451	5.04058	3.35337	-0.39683	lidar	5.42987	-15.6682	-9.56749	-15.4916	-9.40649	-4.80476	-1.01269
1477010459550000	-15.6948	-9.36274	4.94497	3.31646	-0.428801	radar	2.10653	-15.9382	-9.35751	-15.7324	-9.45431	-4.82275	-0.899159
1477010459600000	-15.9501	-9.45251	4.97345	3.31729	-0.39963	lidar	2.16028	-16.0862	-9.59819	-15.9741	-9.49642	-4.83827	-0.784484
1477010459650000	-16.2006	-9.46069	4.93427	3.27629	-0.432476	radar	2.20544	-16.6033	-8.85459	-16.2164	-9.53277	-4.85124	-0.668734
1477010459700000	-16.4515	-9.45346	4.93925	3.23536	-0.457408	lidar	0.473858	-16.4229	-9.37029	-16.4594	-9.5633	-4.8616	-0.55198
1477010459750000	-16.6659	-9.4549	4.85862	3.20402	-0.473727	radar	5.01805	-16.011	-9.33486	-16.7027	-9.58797	-4.8693	-0.434301
1477010459800000	-16.9516	-9.43701	4.9261	3.16014	-0.498999	lidar	1.48365	-17.1132	-9.43043	-16.9464	-9.60673	-4.87427	-0.315773
1477010459850000	-17.2037	-9.50017	4.97721	3.17103	-0.444488	radar	7.99966	-16.9255	-10.8571	-17.1903	-9.61954	-4.87646	-0.196479
1477010459900000	-17.4641	-9.5196	4.99578	3.15492	-0.436509	lidar	0.50579	-17.5448	-9.57485	-17.4342	-9.62636	-4.87583	-0.0765024
1477010459950000	-17.7214	-9.50846	4.97637	3.12207	-0.456959	radar	1.66918	-18.1371	-9.39146	-17.6781	-9.62717	-4.87232	0.0440703
1477010460000000	-17.9765	-9.47477	4.99083	3.08607	-0.47363	lidar	0.177953	-17.9724	-9.42299	-17.9216	-9.62194	-4.86588	0.165151
1477010460050000	-18.2193	-9.43699	4.95002	3.04698	-0.501367	radar	0.60879	-18.3083	-9.18778	-18.1648	-9.61064	-4.85648	0.286648
1477010460100000	-18.4137	-9.491	4.84921	3.06425	-0.448464	lidar	2.20791	-18.2763	-9.60997	-18.4074	-9.59325	-4.84408	0.40847
1477010460150000	-18.6492	-9.48151	4.8745	3.05383	-0.424936	radar	1.73862	-18.2443	-9.58547	-18.6493	-9.56977	-4.82864	0.530522
1477010460200000	-18.8986	-9.47168	4.88227	3.03921	-0.416483	lidar	0.270113	-18.9545	-9.51544	-18.8904	-9.54017	-4.81012	0.652707
1477010460250000	-19.1279	-9.4354	4.88928	3.01864	-0.410435	radar	3.91774	-18.6983	-9.02886	-19.1305	-9.50447	-4.78851	0.774927
1477010460300000	-19.379	-9.30735	4.93699	2.95156	-0.46917	lidar	3.07661	-19.2983	-9.09865	-19.3694	-9.46265	-4.76378	0.897083
1477010460350000	-19.6118	-9.23054	4.89772	2.90779	-0.505396	radar	1.0839	-19.7037	-8.79906	-19.6069	-9.41472	-4.73591	1.01907
1477010460400000	-19.8675	-9.10067	4.95909	2.84883	-0.547311	lidar	1.25859	-19.8731	-8.96417	-19.8431	-9.36071	-4.70487	1.1408
1477010460450000	-20.1074	-8.9957	4.98825	2.80886	-0.560365	radar	4.89212	-20.3815	-7.6755	-20.0775	-9.30061	-4.67066	1.26215
1477010460500000	-20.2656	-9.14781	4.73017	2.8899	-0.427795	lidar	14.5229	-20.1607	-9.59663	-20.3102	-9.23446	-4.63328	1.38303
1477010460550000	-20.5037	-9.1101	4.75263	2.88401	-0.4026	radar	1.56724	-20.4587	-9.7448	-20.5409	-9.16227	-4.59271	1.50334
1477010460600000	-20.7278	-9.00829	4.76916	2.84549	-0.425364	lidar	0.765864	-20.6596	-8.91527	-20.7696	-9.08409	-4.54895	1.62296
1477010460650000	-20.9702	-8.92803	4.78783	2.81868	-0.435779	radar	2.52829	-21.5568	-8.5005	-20.9959	-8.99994	-4.50202	1.74179
1477010460700000	-21.165	-8.86047	4.73208	2.8004	-0.431602	lidar	1.13961	-21.0195	-8.85081	-21.2198	-8.90987	-4.45191	1.85972
1477010460750000	-21.3978	-8.77454	4.73575	2.77364	-0.443811	radar	1.96566	-21.8628	-8.64129	-21.4412	-8.81393	-4.39865	1.97666
1477010460800000	-21.5869	-8.75432	4.63923	2.78069	-0.407942	lidar	1.39519	-21.5029	-8.87191	-21.6597	-8.71217	-4.34224	2.0925
1477010460850000	-21.775	-8.61629	4.56281	2.71607	-0.488179	radar	6.3229	-21.9514	-7.41274	-21.8754	-8.60465	-4.2827	2.20712
1477010460900000	-21.9781	-8.53648	4.54464	2.69927	-0.478835	lidar	0.0785118	-21.9793	-8.57089	-22.0881	-8.49143	-4.22007	2.32043
1477010460950000	-22.1878	-8.4328	4.58795	2.68247	-0.457539	radar	2.12542	-22.1914	-7.70392	-22.2975	-8.37258	-4.15437	2.43232
1477010461000000	-22.4232	-8.32683	4.63657	2.6621	-0.454325	lidar	1.3993	-22.5838	-8.35296	-22.5035	-8.24817	-4.08564	2.5427
1477010461050000	-22.6124	-8.21514	4.60015	2.63182	-0.470665	radar	0.805897	-22.3177	-8.57758	-22.7061	-8.11829	-4.01391	2.65145
1477010461100000	-22.8614	-7.95234	4.81234	2.54803	-0.542785	lidar	6.29453	-22.9861	-7.6724	-22.9049	-7.98301	-3.93923	2.75848
1477010461150000	-23.0519	-7.80122	4.77401	2.49731	-0.596062	radar	3.32362	-23.2693	-8.32031	-23.1	-7.84243	-3.86163	2.8637
1477010461200000	-23.2835	-7.61594	4.87667	2.45756	-0.606888	lidar	2.24909	-23.4777	-7.56583	-23.2911	-7.69663	-3.78118	2.967
1477010461250000	-23.4855	-7.47612	4.91502	2.45336	-0.550615	radar	1.91175	-23.473	-7.02103	-23.4781	-7.54572	-3.69792	3.06828
1477010461300000	-23.6492	-7.33644	4.86071	2.42918	-0.547428	lidar	0.682949	-23.5408	-7.36069	-23.6609	-7.3898	-3.61191	3.16746
1477010461350000	-23.8422	-7.1735	4.89113	2.40895	-0.529976	radar	0.923004	-24.0505	-6.56968	-23.8393	-7.22897	-3.52321	3.26445
1477010461400000	-23.9986	-7.0919	4.75594	2.40976	-0.499889	lidar	2.14034	-23.9384	-7.26171	-24.0132	-7.06336	-3.43189	3.35916
1477010461450000	-24.1667	-6.90845	4.76402	2.36999	-0.52522	radar	1.9504	-24.3577	-5.94086	-24.1825	-6.89307	-3.33801	3.45149
1477010461500000	-24.3324	-6.64504	4.88505	2.30853	-0.565212	lidar	3.10254	-24.2574	-6.4352	-24.347	-6.71823	-3.24166	3.54138
1477010461550000	-24.4999	-6.46746	4.8708	2.27529	-0.584726	radar	3.47227	-24.788	-7.18367	-24.5066	-6.53896	-3.14289	3.62873
1477010461600000	-24.5922	-6.34068	4.71156	2.25222	-0.57939	lidar	5.26744	-24.3008	-6.43799	-24.6612	-6.35538	-3.0418	3.71347
1477010461650000	-24.7331	-6.15315	4.71175	2.22242	-0.578493	radar	0.298215	-24.6108	-6.00878	-24.8107	-6.16764	-2.93846	3.79553
1477010461700000	-24.9184	-5.94214	4.79491	2.19809	-0.572167	lidar	2.80739	-25.146	-5.91902	-24.955	-5.97587	-2.83295	3.87484
1477010461750000	-25.05	-5.73615	4.80807	2.16811	-0.568054	radar	1.84166	-24.8975	-5.02285	-25.094	-5.7802	-2.72537	3.95132
1477010461800000	-25.1813	-5.56927	4.75611	2.14961	-0.557263	lidar	0.364731	-25.1941	-5.64372	-25.2276	-5.58079	-2.61581	4.02492
1477010461850000	-25.3356	-5.38347	4.77765	2.14631	-0.507766	radar	1.32175	-25.5328	-5.4399	-25.3556	-5.37777	-2.50435	4.09557
1477010461900000	-25.4821	-5.15422	4.8399	2.11875	-0.50961	lidar	0.611708	-25.5713	-5.10241	-25.4779	-5.1713	-2.39109	4.16322
1477010461950000	-25.6132	-4.97943	4.81242	2.11883	-0.456623	radar	6.23517	-25.0178	-6.55904	-25.5946	-4.96152	-2.27613	4.22781
1477010462000000	-25.7267	-4.81347	4.73818	2.10408	-0.447963	lidar	0.54605	-25.6952	-4.89995	-25.7055	-4.7486	-2.15956	4.2893
1477010462050000	-25.8473	-4.60728	4.74685	2.08551	-0.437949	radar	0.161896	-25.8162	-4.40681	-25.8105	-4.53268	-2.04149	4.34764
1477010462100000	-25.9625	-4.35796	4.8156	2.05331	-0.449458	lidar	0.544725	-25.9516	-4.26659	-25.9096	-4.31392	-1.92202	4.40279
1477010462150000	-26.0705	-4.1357	4.79916	2.00399	-0.522465	radar	11.2935	-26.8953	-4.43966	-26.0027	-4.0925	-1.80125	4.45471
1477010462200000	-26.1641	-3.84233	4.92038	1.9589	-0.543599	lidar	1.85254	-26.1198	-3.67723	-26.0897	-3.86856	-1.67928	4.50337
1477010462250000	-26.2376	-3.60188	4.91298	1.90321	-0.611883	radar	3.4127	-26.5652	-3.85723	-26.1706	-3.64227	-1.55623	4.54875
1477010462300000	-26.265	-3.33471	4.93558	1.8496	-0.63766	lidar	4.23836	-25.9974	-3.24722	-26.2453	-3.41381	-1.4322	4.59081
1477010462350000	-26.3151	-3.08814	4.939	1.80322	-0.668495	radar	0.334554	-26.2976	-3.01078	-26.3138	-3.18332	-1.30729	4.62954
1477010462400000	-26.3366	-2.85876	4.89876	1.76133	-0.678682	lidar	1.42727	-26.1741	-2.87885	-26.376	-2.95098	-1.18162	4.66493
1477010462450000	-26.3955	-2.63436	4.87795	1.74234	-0.650665	radar	1.56478	-26.4681	-3.44967	-26.4319	-2.71697	-1.05529	4.69696
1477010462500000	-26.4687	-2.49653	4.70984	1.73617	-0.625318	lidar	5.9087	-26.674	-2.73852	-26.4815	-2.48143	-0.928411	4.72562
1477010462550000	-26.5249	-2.26267	4.72268	1.72268	-0.586563	radar	1.12786	-26.657	-1.72382	-26.5247	-2.24456	-0.80109	4.75091
1477010462600000	-26.5739	-2.07202	4.65081	1.70413	-0.576082	lidar	1.1246	-26.6691	-2.17333	-26.5616	-2.0065	-0.673434	4.77284
1477010462650000	-26.6054	-1.83746	4.65957	1.6872	-0.543339	radar	2.04008	-26.3248	-1.32261	-26.5921	-1.76744	-0.545553	4.79141
1477010462700000	-26.6038	-1.58439	4.69002	1.64879	-0.555429	lidar	1.15663	-26.4671	-1.53207	-26.6161	-1.52753	-0.417552	4.80664
1477010462750000	-26.6004	-1.35825	4.67127	1.6049	-0.591394	radar	1.62242	-26.4998	-2.19526	-26.6338	-1.28695	-0.289538	4.81852
1477010462800000	-26.604	-1.13037	4.66074	1.57537	-0.591527	lidar	0.0107978	-26.5998	-1.14277	-26.6451	-1.04586	-0.161616	4.8271
1477010462850000	-26.6337	-0.909305	4.64442	1.56197	-0.567643	radar	5.15495	-27.2008	-1.67679	-26.65	-0.804425	-0.0338883	4.83238
1477010462900000	-26.6456	-0.652028	4.69562	1.53907	-0.5606	lidar	0.634296	-26.7355	-0.59539	-26.6485	-0.562811	0.0935412	4.83439
1477010462950000	-26.6327	-0.41016	4.7153	1.49899	-0.59332	radar	2.2706	-26.9891	0.0351487	-26.6406	-0.321181	0.220572	4.83317
1477010463000000	-26.5875	-0.103731	4.84839	1.45857	-0.603052	lidar	2.64022	-26.4553	0.0602653	-26.6264	-0.0796947	0.347104	4.82874
1477010463050000	-26.5683	0.137055	4.85294	1.42936	-0.608165	radar	2.7529	-26.9537	0.136943	-26.6059	0.161489	0.473041	4.82116
1477010463100000	-26.5446	0.437754	4.96889	1.4049	-0.599326	lidar	1.52468	-26.6201	0.57588	-26.5792	0.402213	0.598287	4.81045
1477010463150000	-26.5332	0.677765	4.94887	1.39935	-0.55086	radar	1.82232	-26.8241	0.381506	-26.5462	0.642323	0.722748	4.79667
1477010463200000	-26.5261	0.96319	5.02631	1.38751	-0.532156	lidar	2.78937	-26.7293	1.06082	-26.5069	0.881666	0.846334	4.77986
1477010463250000	-26.4882	1.22934	5.04796	1.384	-0.472711	radar	6.83045	-25.9562	2.60409	-26.4616	1.12009	0.968955	4.76007
1477010463300000	-26.4323	1.46009	5.01766	1.35728	-0.476564	lidar	0.151743	-26.3986	1.42212	-26.4101	1.35745	1.09053	4.73737
1477010463350000	-26.3932	1.67667	4.95605	1.34508	-0.451348	radar	8.39172	-26.5072	-0.563928	-26.3526	1.59361	1.21096	4.71181
1477010463400000	-26.3399	1.87917	4.88341	1.32175	-0.453174	lidar	0.496223	-26.3594	1.79315	-26.2891	1.82841	1.33018	4.68345
1477010463450000	-26.2709	2.11011	4.88093	1.29123	-0.471797	radar	0.309559	-26.3475	1.82827	-26.2197	2.06173	1.44811	4.65235
1477010463500000	-26.2103	2.29461	4.78674	1.26707	-0.47361	lidar	0.862892	-26.2502	2.18481	-26.1444	2.29342	1.56467	4.61859
1477010463550000	-26.1475	2.52023	4.76885	1.25657	-0.441844	radar	0.648302	-26.069	2.27896	-26.0633	2.52336	1.67979	4.58223
1477010463600000	-26.0695	2.76477	4.80419	1.23565	-0.440056	lidar	0.11621	-26.0641	2.80701	-25.9765	2.75141	1.79339	4.54334
1477010463650000	-25.9735	2.98711	4.82492	1.18973	-0.500314	radar	3.03927	-26.3234	3.02388	-25.8841	2.97746	1.90543	4.502
1477010463700000	-25.8705	3.27471	4.94843	1.1686	-0.494212	lidar	1.43301	-25.8345	3.42005	-25.7861	3.20139	2.01582	4.45828
1477010463750000	-25.7872	3.50603	4.95235	1.14891	-0.491041	radar	2.11849	-26.1824	3.73376	-25.6826	3.42306	2.12452	4.41227
1477010463800000	-25.6821	3.70164	4.90042	1.11999	-0.496783	lidar	0.293772	-25.6666	3.63509	-25.5737	3.64239	2.23146	4.36404
1477010463850000	-25.5654	3.90822	4.88591	1.08796	-0.510214	radar	1.1493	-25.5773	3.13316	-25.4596	3.85924	2.3366	4.31367
1477010463900000	-25.5002	4.07965	4.78032	1.07284	-0.500654	lidar	3.75693	-25.7492	3.99968	-25.3402	4.07353	2.43989	4.26125
1477010463950000	-25.3775	4.27931	4.77094	1.04272	-0.50932	radar	0.597327	-25.3516	3.75691	-25.2157	4.28514	2.54127	4.20686
1477010464000000	-25.2161	4.50217	4.82754	1.00761	-0.518972	lidar	2.07089	-25.0214	4.52803	-25.0863	4.49399	2.64071	4.15058
1477010464050000	-25.0664	4.69722	4.80561	0.984747	-0.496079	radar	8.97683	-24.2719	4.30917	-24.9518	4.69998	2.73817	4.09251
1477010464100000	-24.9485	4.88999	4.78381	0.964445	-0.491511	lidar	0.412417	-25.0363	4.88499	-24.8126	4.90303	2.83361	4.03273
1477010464150000	-24.7926	5.07991	4.78599	0.934223	-0.495797	radar	2.31824	-24.3609	4.95947	-24.6686	5.10304	2.92701	3.97132
1477010464200000	-24.6227	5.29938	4.85424	0.907879	-0.495926	lidar	0.955525	-24.5041	5.35293	-24.5201	5.29995	3.01833	3.90839
1477010464250000	-24.4503	5.47742	4.87822	0.862467	-0.539668	radar	0.881168	-24.4379	5.24592	-24.367	5.49367	3.10754	3.84401
1477010464300000	-24.2624	5.6501	4.88417	0.824602	-0.55181	lidar	1.21366	-24.1159	5.61152	-24.2095	5.68414	3.19464	3.77827
1477010464350000	-24.0975	5.80933	4.86927	0.787273	-0.574647	radar	3.13025	-24.5638	4.75836	-24.0477	5.8713	3.27959	3.71127
1477010464400000	-23.9232	5.96855	4.85261	0.755493	-0.578584	lidar	0.0420112	-23.9153	5.94377	-23.8818	6.05508	3.36239	3.64309
1477010464450000	-23.7817	6.15261	4.76819	0.768494	-0.484514	radar	4.77112	-23.5491	6.44495	-23.7117	6.23542	3.44302	3.57383
1477010464500000	-23.6157	6.3072	4.7475	0.743536	-0.485988	lidar	0.0718826	-23.6471	6.29102	-23.5377	6.41227	3.52148	3.50357
1477010464550000	-23.4679	6.47855	4.70803	0.740889	-0.443858	radar	1.68078	-23.7544	6.53746	-23.3598	6.58559	3.59775	3.4324
1477010464600000	-23.2388	6.71529	4.88192	0.729564	-0.426494	lidar	4.35289	-23.0099	6.86182	-23.1781	6.75533	3.67185	3.36041
1477010464650000	-23.0438	6.85519	4.85194	0.702747	-0.42563	radar	5.51771	-22.7862	5.74143	-22.9928	6.92146	3.74376	3.28768
1477010464700000	-22.8293	7.03217	4.91465	0.681523	-0.424031	lidar	0.988151	-22.6991	7.063	-22.804	7.08393	3.8135	3.21431
1477010464750000	-22.6163	7.16721	4.93094	0.64319	-0.454335	radar	1.60218	-22.418	6.76159	-22.6117	7.24273	3.88106	3.14038
1477010464800000	-22.4327	7.31009	4.90972	0.623158	-0.451794	lidar	0.305009	-22.5083	7.31524	-22.4161	7.39782	3.94647	3.06598
1477010464850000	-22.2011	7.4393	4.98918	0.571747	-0.51567	radar	2.51818	-22.0543	7.85452	-22.2173	7.54917	4.00974	2.99118
1477010464900000	-22.0193	7.60155	4.99318	0.563003	-0.496156	lidar	2.10672	-22.1947	7.69478	-22.0154	7.69679	4.07087	2.91607
1477010464950000	-21.8348	7.77615	4.96189	0.574845	-0.426677	radar	5.6996	-21.6178	9.0351	-21.8105	7.84064	4.12989	2.84074
1477010465000000	-21.6279	7.91768	4.97021	0.557196	-0.422224	lidar	0.0496311	-21.6473	7.94	-21.6026	7.98072	4.18681	2.76526
1477010465050000	-21.4376	8.05201	4.93344	0.546945	-0.402098	radar	1.60601	-21.8637	7.78661	-21.392	8.11703	4.24166	2.68971
1477010465100000	-21.218	8.07656	4.81849	0.48763	-0.449915	lidar	4.58631	-21.0853	7.83229	-21.1787	8.24957	4.29447	2.61417
1477010465150000	-21.0274	8.23043	4.76284	0.504871	-0.369323	radar	5.94035	-20.5503	9.28616	-20.9628	8.37833	4.34526	2.53871
1477010465200000	-20.8504	8.38423	4.76785	0.507912	-0.344123	lidar	3.01944	-21.0519	8.50983	-20.7444	8.50333	4.39406	2.46341
1477010465250000	-20.6063	8.49683	4.856	0.471611	-0.386465	radar	4.66558	-19.9265	9.40847	-20.5237	8.62457	4.4409	2.38835
1477010465300000	-20.3537	8.64044	4.94425	0.459985	-0.37556	lidar	1.32734	-20.21	8.68914	-20.3006	8.74206	4.48582	2.31358
1477010465350000	-20.1557	8.77247	4.88618	0.469263	-0.318147	radar	1.58755	-20.2277	8.8532	-20.0753	8.85583	4.52884	2.23919
1477010465400000	-19.9602	8.87016	4.84227	0.452651	-0.319874	lidar	0.578378	-20.0633	8.86724	-19.848	8.96589	4.57001	2.16524
1477010465450000	-19.762	8.98783	4.78933	0.456309	-0.278201	radar	1.0875	-19.9264	8.78179	-19.6186	9.07227	4.60937	2.09179
1477010465500000	-19.543	9.05688	4.75693	0.427709	-0.295871	lidar	0.655755	-19.4861	8.96665	-19.3873	9.17499	4.64694	2.01891
1477010465550000	-19.3	9.1663	4.83039	0.407783	-0.311525	radar	4.61104	-18.5719	10.2069	-19.1542	9.27409	4.68278	1.94666
1477010465600000	-19.0101	9.263	4.93026	0.383343	-0.320036	lidar	6.09869	-18.6786	9.19191	-18.9193	9.36959	4.71692	1.8751
1477010465650000	-18.7935	9.34517	4.9126	0.363321	-0.329276	radar	1.69345	-19.2825	8.98189	-18.6827	9.46154	4.7494	1.80429
1477010465700000	-18.5358	9.45078	4.97301	0.351496	-0.322679	lidar	0.721434	-18.4242	9.46852	-18.4446	9.54996	4.78028	1.73429
1477010465750000	-18.2686	9.48105	5.03837	0.291168	-0.404665	radar	5.74795	-18.1634	8.72444	-18.2049	9.63492	4.80959	1.66514
1477010465800000	-17.9687	9.62008	5.18977	0.293092	-0.375545	lidar	3.00443	-17.7736	9.72478	-17.9639	9.71643	4.83737	1.59691
1477010465850000	-17.7213	9.71833	5.15773	0.298159	-0.324463	radar	2.89753	-17.2296	9.97767	-17.7214	9.79457	4.86368	1.52964
1477010465900000	-17.444	9.82805	5.2356	0.293944	-0.308649	lidar	0.794018	-17.3436	9.88109	-17.4777	9.86936	4.88856	1.46338
1477010465950000	-17.1928	9.90956	5.24728	0.280467	-0.308261	radar	0.400395	-17.1554	10.212	-17.2328	9.94087	4.91205	1.39818
1477010466000000	-16.919	10.0337	5.32566	0.285376	-0.282973	lidar	0.888059	-16.8876	10.145	-16.9868	10.0091	4.93421	1.33408
1477010466050000	-16.6605	10.1056	5.33013	0.270062	-0.284902	radar	0.0393714	-16.5958	10.1078	-16.7396	10.0743	4.95507	1.27113
1477010466100000	-16.4156	10.2069	5.33778	0.269849	-0.268522	lidar	1.10457	-16.5153	10.3091	-16.4915	10.1362	4.97469	1.20937
1477010466150000	-16.1546	10.28	5.35851	0.25432	-0.276689	radar	0.466466	-16.09	10.5824	-16.2424	10.1952	4.99311	1.14883
1477010466200000	-15.9289	10.2902	5.26107	0.220327	-0.301644	lidar	1.13941	-16.006	10.1843	-15.9924	10.2511	5.01039	1.08956
1477010466250000	-15.68	10.3578	5.23697	0.215648	-0.280456	radar	0.263697	-15.7234	10.41	-15.7416	10.3041	5.02655	1.03159
1477010466300000	-15.47	10.3368	5.10724	0.173554	-0.315676	lidar	2.09033	-15.5699	10.1904	-15.4899	10.3543	5.04166	0.974957
1477010466350000	-15.1687	10.366	5.2451	0.135066	-0.367617	radar	7.62439	-14.2385	10.9109	-15.2376	10.4016	5.05576	0.919692
1477010466400000	-14.9088	10.4179	5.25805	0.124545	-0.357958	lidar	0.210063	-14.9365	10.4722	-14.9846	10.4462	5.06889	0.865828
1477010466450000	-14.6688	10.4521	5.14139	0.127245	-0.301285	radar	6.59985	-14.724	9.63507	-14.7309	10.4882	5.0811	0.813394
1477010466500000	-14.4337	10.4091	5.06335	0.0813742	-0.340194	lidar	2.17628	-14.4088	10.222	-14.4766	10.5276	5.09243	0.762418
1477010466550000	-14.1742	10.4332	5.06836	0.0685833	-0.331178	radar	0.558688	-13.9005	10.5238	-14.2218	10.5645	5.10293	0.712926
1477010466600000	-13.8573	10.5964	5.25413	0.115493	-0.249238	lidar	7.71225	-13.8049	10.9383	-13.9665	10.5989	5.11263	0.664944
1477010466650000	-13.6007	10.6615	5.20884	0.133574	-0.186828	radar	1.86735	-13.3956	10.7857	-13.7107	10.631	5.12159	0.618496
1477010466700000	-13.3573	10.6543	5.1627	0.106703	-0.208837	lidar	0.653391	-13.3556	10.5517	-13.4545	10.6608	5.12983	0.573603
1477010466750000	-13.0933	10.6796	5.18518	0.0931719	-0.216819	radar	0.232796	-12.9374	10.8137	-13.1979	10.6884	5.13741	0.530288
1477010466800000	-12.8366	10.7763	5.22204	0.113875	-0.178442	lidar	3.86406	-12.9591	11.0099	-12.9409	10.7138	5.14436	0.48857
1477010466850000	-12.569	10.8297	5.23629	0.119119	-0.155046	radar	1.27347	-12.2518	11.2495	-12.6836	10.7373	5.15071	0.448467
1477010466900000	-12.3434	10.7879	5.14083	0.0809877	-0.192222	lidar	2.07042	-12.3713	10.6091	-12.426	10.7587	5.15651	0.409997
1477010466950000	-12.0867	10.825	5.12539	0.0852438	-0.164395	radar	0.484343	-11.9352	10.9161	-12.1681	10.7783	5.16179	0.373177
1477010467000000	-11.8397	10.8905	5.13419	0.0957678	-0.142017	lidar	2.00174	-11.9451	11.0515	-11.91	10.7961	5.16658	0.338022
1477010467050000	-11.5606	10.912	5.17881	0.0863518	-0.146755	radar	2.68679	-10.9703	10.9676	-11.6516	10.8121	5.17092	0.304546
1477010467100000	-11.3364	10.923	5.11624	0.0743996	-0.152821	lidar	0.805332	-11.4548	10.9407	-11.393	10.8265	5.17484	0.272761
1477010467150000	-11.0721	10.8527	5.21135	-0.00472976	-0.297047	radar	9.51077	-11.3472	10.5111	-11.1342	10.8394	5.17836	0.242681
1477010467200000	-10.7771	10.8253	5.26038	-0.0292085	-0.307721	lidar	2.71767	-10.6009	10.6823	-10.8753	10.8509	5.18153	0.214317
1477010467250000	-10.5224	10.8222	5.23749	-0.0394051	-0.296978	radar	0.228785	-10.6563	10.8369	-10.6161	10.8609	5.18435	0.187679
1477010467300000	-10.2916	10.8134	5.1861	-0.0539572	-0.297577	lidar	1.01036	-10.4142	10.8747	-10.3569	10.8697	5.18687	0.162776
1477010467350000	-10.0454	10.8692	5.07801	-0.0135748	-0.186323	radar	6.67125	-9.90413	11.2255	-10.0976	10.8772	5.1891	0.139618
1477010467400000	-9.78195	10.9195	5.11415	0.000787347	-0.157092	lidar	2.04536	-9.83445	11.1032	-9.83809	10.8837	5.19106	0.118212
1477010467450000	-9.55664	10.8958	5.0487	-0.0168623	-0.167425	radar	3.91316	-10.195	10.3498	-9.57852	10.8891	5.19278	0.0985664
1477010467500000	-9.29331	10.9247	5.07976	-0.0104492	-0.149429	lidar	0.705435	-9.3066	11.0348	-9.31887	10.8936	5.19428	0.0806865
1477010467550000	-9.05107	10.9025	5.0401	-0.0225232	-0.148591	radar	2.5677	-9.2226	10.3527	-9.05915	10.8972	5.19557	0.0645787
1477010467600000	-8.78303	10.9372	5.08232	-0.0120353	-0.126998	lidar	1.03273	-8.78899	11.0707	-8.79937	10.9001	5.19667	0.050248
1477010467650000	-8.54815	10.8907	5.03382	-0.0369406	-0.148849	radar	6.38474	-8.83914	10.0319	-8.53953	10.9023	5.19759	0.0376992
1477010467700000	-8.39374	10.8059	4.83826	-0.0801804	-0.192496	lidar	4.72855	-8.62045	10.6577	-8.27965	10.9039	5.19835	0.0269359
1477010467750000	-8.14502	10.817	4.83097	-0.0684659	-0.153728	radar	1.46788	-7.91543	11.1157	-8.01974	10.905	5.19896	0.0179617
1477010467800000	-7.79329	10.8732	5.04819	-0.0384087	-0.106295	lidar	5.8117	-7.51971	11.0005	-7.75979	10.9057	5.19942	0.0107791
1477010467850000	-7.53019	10.8746	5.04275	-0.0282094	-0.0708986	radar	1.9496	-7.25987	10.6458	-7.49981	10.9061	5.19975	0.00539029
1477010467900000	-7.25156	10.865	5.09038	-0.0311117	-0.069786	lidar	0.632805	-7.15631	10.815	-7.23983	10.9063	5.19994	0.00179692
1477010467950000	-7.0148	10.8982	5.02516	-0.00114657	-0.00157059	radar	3.29199	-7.39396	11.0181	-6.97983	10.9064	5.2	-7.84874e-015
